17.22044475 17.57521589 18.73010819 15.74853697 17.73145289 18.73520957
 19.89058837 18.95438395 22.15760148 17.40007037 17.90792848 18.79782632
 18.74321371 17.33227739 23.10117347 14.51700811 14.98646476 18.12830832
 17.80134157 15.43768298 20.74678764 16.77963012 17.25684214 14.97127823
 17.15606497 19.59628986 18.86252399 18.17254248 17.04385649 19.12865681
 22.40839905 20.32792545 17.61589117 18.65622148 16.43895022 18.43481911
 16.82398663 20.4581951  20.95082726 17.18758144 15.67124443 18.42053311
 19.28777673 17.78440739 15.98895947 19.97723112 17.49798311 16.11672401
 17.02697559 18.81895612 19.59905578 14.01295463 20.45383127 20.58314998
 17.22835341 18.16087222 17.65823537 18.46119359 20.78114469 17.56483836
 18.12113868 23.02031244 19.19510906 19.62362207 12.54861403 15.88883692
 15.61591319 13.23636316 18.46650967 18.53107885 20.12500781 15.10406798
 21.77000925 14.77589188 15.55537633 15.76540704 17.99022328 17.17574334
 17.86031549 16.33954888 19.29662378 18.18331442 17.08327061 17.9876403
 20.65146342 15.45168604 20.51407129 17.30033674 18.6830249  18.1114282
 17.37131895 19.12847047 21.34090367 13.460684   20.36138467 18.7414747
 14.2224854  20.5178098  20.29045089 20.17979185 17.42642503 19.28817679
 20.94913531 19.14929777 19.32825925 21.37003516 17.37452589 16.07526927
 15.9945782  17.21330545 22.05269249 17.05282157 18.93949392 15.49682539
 18.69860152 20.3010497  14.93091107 18.92589817 17.47168667 19.62241205
 17.16164729 14.86422421 18.73656636 15.55911623 21.55532583 20.37108467
 18.67245819 18.60831978 19.03843555 20.18308861 18.38074393 17.61991587
 17.41163935 15.86633209 19.51417678 18.19330556 17.82745588 18.50780088
 14.75945604 17.71521562 17.12026477 17.53809734 21.39472166 17.93758584
 15.05976734 16.76179981 18.31052314 20.7187515  16.16128479 18.31433299
 19.66974193 16.84315593 18.19604393 18.25588938 18.80460544 21.44095638
 18.48391246 18.17891797 15.61124456 19.78819249 18.67032589 20.52296065
 14.47603874 17.58719197 15.91590303 20.04012163 18.46064471 15.91203382
 20.0283936  16.6888119  20.14801818 17.6269515  17.87485683 17.5690775
 17.18475372 18.12236969 17.61970079 15.06738101 17.60836013 14.99194374
 15.57301403 18.349028   19.9160442  14.84805116 16.70299746 19.59239886
 19.11584809 16.13129542 21.2444125  19.00933334 22.05314528 17.69718886
 16.11959001 16.34160006 18.58828046 19.08959329 17.24268804 17.43928085
 16.6260605  23.53335997 18.76499438 18.81748408 17.60663974 20.1780832
 11.84366818 24.70618845 23.3970085  16.45258652 18.3900703  20.07134816
 18.06007271 19.08756048 17.64234626 17.63497559 19.32840314 18.84051223
 18.63091932 17.95958915 16.93755058 19.28704336 18.80889175 16.31722791
 20.07443725 16.59668499 16.81128354 15.33244818 16.32963618 21.32302342
 17.59344992 18.24872017 19.8260317  14.21147899 14.02362043 20.29069595
 18.97586195 16.77836315 23.30568284 20.99822398 21.71078696 15.97342997
 19.29036175 17.0817467  18.71135245 19.15813183 15.2303046  22.85436863
 20.02200112 15.60201109 16.15235378 20.23980437 16.23108443 20.26657523
 19.23773165 17.40209996 19.08469538 14.63317045 16.81629612 19.62078738
 15.31898499 22.50707364 20.25591071 16.43975483 17.18122634 16.94498697
 20.10960737 15.16464445 20.29061469 17.11210023 21.62907456 15.39357737
 17.91990883 20.65149897 15.98311365 20.66496341 17.43454002 17.57039831
 20.41182307 13.67201189 19.07361369 19.16051368 21.69252609 16.74096296
 19.89288238 19.83801568 15.42104878 20.3446808  17.60661286 20.83116885
 19.06615089 16.17601395 16.62763402 17.57866266 19.78826263 21.56652643
 20.52749636 16.36394952 15.33133577 16.68602593 18.57952872 18.35438403
 19.4984374  18.26059782 19.04440578 22.57192048 18.526375   19.70704996
 17.25221309 17.98298667 18.98078501 18.32374152 13.93683156 20.12361908
 18.40801249 15.29931252 18.82215416 17.02088564 17.94629146 20.156334
 15.18535926 18.11645298 16.64249417 16.5545496  20.30353201 16.79927657
 19.18871733 18.39914039 18.5104505  17.69152447 19.09407935 19.02401955
 19.93226945 17.3926845  18.6777669  18.00048056 20.62228989 17.28022743
 15.6858571  16.90552545 17.70161498 20.35598632 16.7611208  15.80703619
 19.18016341 16.19020203 18.27996351 16.52632825 17.4264976  16.34657317
 18.28132131 16.40517098 20.7669862  17.54278254 19.57512697 18.3528925
 16.49368205 19.31350988 17.99088113 18.8840667  20.59378348 18.87344318
 18.83729116 15.89595158 17.25628568 20.09221871 20.21897228 19.4163442
 21.24619232 17.29619428 18.18182787 20.86777931 12.56481854 19.79013328
 16.84546439 16.77797669 16.06157537 14.23769427 18.60208863 17.55310419
 17.18823476 16.22362567 19.79616431 19.08722485 16.65726756 18.24268813
 19.55540852 17.54091729 19.80016897 17.53658261 17.35673091 17.01964777
 17.47224284 16.60517401 17.25828312 13.63434772 20.93919013 18.09824959
 16.62289678 22.61318719 19.47643502 16.76244141 19.0981012  19.76415127
 19.83388555 19.01409922 18.4853031  17.3287696  18.23462357 18.19567571
 19.92039492 17.33196484 15.34445933 18.02781479 14.74603465 16.27643298
 18.64807794 15.78589111 10.68664609 19.79308039 18.34305611 16.03602518
 19.20919827 20.49386138 20.50826941 14.80745053 18.90406549 20.02063267
 17.07229559 20.20724362 16.99201531 17.91850721 15.26305201 18.94363918
 18.74944747 21.87615202 17.73618564 17.03988124 20.26853577 17.40919505
 18.78952333 15.25259363 14.2217834  16.13308102 15.98406846 22.02323977
 17.56007171 19.26239382 19.19341487 20.09491125 19.12804889 18.57913379
 18.38224145 15.62954371 15.81465393 19.25632452 18.75976661 15.43482882
 18.59163107 18.65200455 17.85785295 16.26501661 18.87077175 15.16240095
 17.73871391 17.26901646 18.94605003 21.84772475 20.66747483 17.5205616
 17.82318158 18.64207829 20.26689879 21.55030844 19.77528599 15.84453608
 17.33598233 18.89199935 16.2096157  19.80760419 14.37861839 19.56811107
 19.5907853  20.2421335  13.73943814 17.98679033 16.17532804 17.98469524
 23.46070466 17.10494797 22.58300295 18.72713712 21.59607124 18.34010989
 16.7732899  17.53349021 19.49422191 19.5888116  14.23180318 19.11765161
 16.70874295 15.26851501 21.16670961 15.92159208 19.19456269 20.04728904
 19.15254634 19.43207959 22.25238645 15.79958228 16.5350166  18.52120462
 17.64099593 17.87687658 19.97913077 17.74684953 18.40309136 18.71149199
 14.64172875 17.11222685 16.09537783 18.13845788 20.52117961 17.83427352
 18.82274785 16.74585318 21.23422344 16.32816519 20.54013896 19.81616604
 17.35725712 16.24799622 19.74420744 19.07164862 19.28859655 19.62564866
 17.12587458 17.72999408 18.94030066 16.5944212  14.8858198  16.16632888
 17.23864738 17.4042114  19.4388829  18.03329783 15.67610902 20.29737366
 13.41943629 16.14898806 16.56961738 18.1549675  13.75928067 18.90380162
 21.16572648 16.53023019 14.93776234 19.18724145 18.68875384 17.20769674
 17.27383494 16.12605597 19.45907555 16.63098917 17.60184647 18.40332744
 15.98183497 15.76527053 17.32635325 19.7473247  17.74601857 17.68598965
 17.24466919 16.18112013 18.85422093 15.23066877 14.64355677 21.92391573
 13.35172608 15.05993004 19.15693626 19.121485   17.8806116  17.07531687
 15.69491747 16.01323099 21.79978372 20.20914557 17.70207314 17.37788072
 16.25706688 17.73361052 16.5507597  18.56083602 19.54464146 18.4189423
 17.27412032 21.76284268 18.66693929 20.12354176 17.8320782  19.00095501
 21.45440768 18.20871432 22.4694662  17.75536578 16.56604468 16.71003446
 20.09199428 23.2328974  16.5281802  18.36297916 23.65580515 15.70280187
 16.21042684 17.81077582 15.92413745 15.14505302 18.18493721 20.54228196
 15.62612001 23.32472098 22.7024097  20.24440337 15.37481014 15.42144398
 19.31148753 19.97004786 20.63661009 13.1056158  19.37235973 16.79682127
 19.94738679 17.82725606 19.70104902 16.26863648 19.86227513 16.14722653
 18.69010565 15.15963233 17.53565312 16.5043691  16.3346539  14.99668488
 18.07177963 15.87790301 18.63421047 16.06317622 15.76741184 16.1403199
 19.32162747 19.4868421  19.47661453 18.34456471 17.31813582 16.80466371
 15.02907928 18.22324326 18.14739946 17.16323597 18.03906786 16.80158924
 23.38374125 19.46848967 17.14432663 18.54516429 18.03175038 16.93981169
 16.14902493 14.52444976 19.14353196 15.2109983  16.5547666  20.26080371
 18.48171103 13.72173443 20.02554692 18.00461438 19.29833017 18.31941416
 19.44659608 19.59697045 18.56517325 17.14306869 17.23602523 17.26066052
 17.49303414 18.26991523 14.32012435 18.37011142 19.71284624 17.74290346
 15.27359084 18.41710757 17.90166083 20.02771504 14.92059198 18.49834369
 21.12480514 17.48538465 12.77065434 17.11445779 17.77577507 16.18124404
 22.48568018 16.93457066 14.97617057 17.99253145 18.88321528 17.28646186
 16.77477397 16.91353906 15.38667113 17.18696848 19.24666055 16.14329749
 18.76185854 19.00772817 17.50837353 20.80413192 18.56717307 17.24314874
 18.08310317 18.15259475 16.66535182 17.62290357 19.54053931 17.9633572
 16.95181833 17.92804213 18.75290793 18.78958861 18.57729523 15.75810011
 13.25365986 15.26071439 17.74695465 19.04015948 17.75414472 15.03104057
 16.60158413 18.64485114 18.36803283 16.42669833 19.53800528 19.60782235
 17.50895195 17.62664861 12.64653282 18.70062553 22.23698918 17.41252095
 19.27992441 18.51462169 18.7470417  21.64448898 18.07823793 16.95019412
 16.76199639 18.83923196 14.45334213 17.0385935  19.17054306 20.0636535
 16.7612736  14.44489163 17.33035399 19.35403252 19.04768939 16.99663328
 17.02530658 15.82095866 16.38056764 17.37725054 15.34809029 17.53059665
 21.00602691 18.47317252 10.55343099 20.47074876 16.04937966 18.1276268
 17.37384285 24.55782244 18.2460625  19.77392209 19.68147224 17.92952102
 19.13733944 19.74254592 18.17696822 19.73859842 14.97846102 17.69959273
 15.88524978 14.80729657 18.39622279 18.01605233 12.24061196 21.60163027
 18.73702202 20.19394848 15.40033752 19.57298909 21.63929745 18.79123284
 14.1502978  19.25274476 14.85728577 21.94231142 18.55846235 18.19132938
 22.03325768 20.89424781 18.47185366 16.81476395 16.69103946 22.24501365
 17.51503585 18.51275014 18.82121428 19.24509806 19.29593951 16.58497686
 16.57826506 19.07996804 17.51562646 20.15050337 22.09175831 18.90789795
 15.75738728 17.57831291 20.05015052 18.23165125 20.01038654 16.78318885
 20.04528821 14.67094236 19.26565276 18.10323029 17.18396932 19.18459098
 17.53501249 20.42612734 16.43892029 16.80679942 18.56369591 20.47025023
 23.39404531 19.58471873 18.51219594 20.33866191 18.31166206 19.69575412
 15.16728626 15.51607264 21.77865666 18.65765976 21.83608766 18.30671132
 18.83058255 20.92496043 15.32699855 17.38541718 18.33247334 17.09264353
 20.37305705 22.32968063 17.57606848 13.64796564 16.10810218 19.23844699
 14.94413057 16.02003183 16.03564114 18.94208156 16.46384298 18.23197961
 18.05885068 16.82498087 18.25147098 21.37986782 19.82533017 16.08017481
 18.72710895 20.27743967 15.7203244  18.10301758 17.77521687 20.08156601
 17.59337319 17.61907155 16.91954823 17.26635539 18.79474013 19.9081472
 14.8738393  21.5743948  20.84332223 19.28137757 17.70980681 17.15103879
 17.88177912 14.80338276 17.18154718 18.00124712 17.21089322 19.12321565
 20.51744473 15.74968492 20.64266139 14.37524019 21.77435507 19.76621115
 18.26153108 19.09197875 18.95157163 14.67581592 18.00732325 21.63771166
 16.46927984 21.57267365 19.66958611 15.65304162 18.208485   19.23008759
 15.47610417 20.34281747 13.99251174 16.45018789 18.26712285 17.77816142
 19.30878003 18.68141098 17.69196438 16.80219247 17.21413338 17.55340125
 19.46015358 18.67379688 20.47916095 17.60816994 18.07690698 19.16985211
 20.58069087 17.65371863 17.65661525 16.32958059 15.34008414 16.75131151
 19.53322466 18.9626052  16.24904497 18.71436237 18.26913916 15.17411776
 18.25200692 20.73423566 17.58771466 13.85684588 16.35484567 21.38339537
 14.57430808 18.00490351 21.52388085 16.4567918  17.02286138 17.98720078
 18.75997718 16.15168686 16.88028362 14.86705087 20.33522119 18.38941903
 18.96401004 16.07623669 20.03751395 16.90359402 19.56494772 17.6437104
 17.63204618 21.82707686 16.09486015 22.44220779 19.10435275 16.81148978
 16.91790884 22.2894395  21.41032838 16.18377129 16.24387252 19.38828739
 14.9830505  21.41714663 19.2921139  17.52018813 18.21256376 16.41349711
 16.76033956 14.67799469 13.95631006 17.4557155